object Form2: TForm2
  Left = 0
  Top = 0
  Caption = 'vApp'
  ClientHeight = 488
  ClientWidth = 460
  FormFactor.Width = 320
  FormFactor.Height = 480
  FormFactor.Devices = [Desktop]
  DesignerMasterStyle = 0
  object Layout1: TLayout
    Align = Client
    Scale.X = 1.500000000000000000
    Scale.Y = 1.500000000000000000
    Size.Width = 306.666687011718800000
    Size.Height = 325.333343505859400000
    Size.PlatformDefault = False
    TabOrder = 0
  end
end
